44.84765625
44.87890625
45.1953125
45.0
44.87109375
45.265625
44.82421875
44.9453125
44.91796875
45.0546875
45.1640625
54.73046875
64.90234375
65.26953125
64.8125
64.6328125
64.50390625
65.29296875
65.24609375
64.92578125
64.5703125
64.62890625
65.23828125
65.0625
65.37890625
65.125
65.25390625
65.2734375
65.19921875
64.8515625
65.0859375
65.0390625
65.06640625
64.734375
65.10546875
64.71875
64.58203125
65.01953125
65.375
65.27734375
64.91796875
65.38671875
64.98046875
64.44921875
65.03515625
64.94921875
64.234375
64.94921875
64.9453125
65.3203125
64.87109375
64.953125
65.1640625
64.65234375
64.93359375
65.01953125
65.109375
65.33984375
64.94140625
64.7734375
64.8359375
65.046875
65.21484375
65.015625
64.6875
64.8828125
65.0234375
64.8671875
64.828125
64.9140625
65.0078125
64.75390625
65.00390625
64.859375
64.9921875
64.64453125
64.69140625
64.8828125
65.27734375
65.08203125
65.01171875
65.23046875
64.94140625
64.83203125
64.8046875
65.0546875
65.07421875
64.859375
64.859375
64.9609375
65.0234375
65.4921875
64.99609375
65.16796875
65.12890625
65.21484375
64.98828125
65.03125
64.79296875
65.1796875
64.94140625
64.93359375
64.578125
64.89453125
65.05078125
65.22265625
65.171875
64.94140625
64.9453125
65.3359375
65.0625
65.11328125
65.69140625
64.96484375
65.37109375
65.1328125
