1012.993408203125
1012.996826171875
1012.98876953125
1012.997314453125
1013.006591796875
1012.9931640625
1012.99267578125
1012.99951171875
1012.99169921875
1013.0087890625
889.02734375
712.96728515625
713.074951171875
713.0263671875
712.959716796875
712.980712890625
712.999267578125
712.98291015625
713.0419921875
713.020751953125
712.950927734375
713.005126953125
713.02294921875
713.01806640625
713.04150390625
713.06396484375
713.001953125
712.929931640625
712.941650390625
713.0068359375
713.057373046875
712.987548828125
712.993408203125
712.949462890625
713.037109375
712.98486328125
713.014404296875
712.981201171875
713.025146484375
713.01953125
712.9765625
713.00634765625
712.986328125
712.95654296875
713.024169921875
712.985595703125
712.899658203125
713.060546875
713.052001953125
712.968994140625
713.006591796875
713.070556640625
713.007568359375
712.94580078125
713.04541015625
712.98193359375
713.043701171875
712.977783203125
712.983154296875
713.0302734375
713.012451171875
712.966064453125
712.95068359375
712.910400390625
713.014892578125
712.95654296875
713.013916015625
713.00537109375
713.03271484375
713.010498046875
712.988037109375
712.989501953125
712.999267578125
712.960205078125
712.968994140625
713.022705078125
713.060302734375
713.01806640625
713.052001953125
713.01513671875
712.974853515625
713.0361328125
713.1181640625
713.01904296875
713.0087890625
713.017822265625
712.986083984375
713.043701171875
712.97021484375
712.972900390625
713.046142578125
712.999267578125
712.9794921875
713.03857421875
713.040771484375
712.990234375
712.939697265625
712.999755859375
712.927001953125
713.029296875
713.041748046875
712.9794921875
713.014404296875
712.9521484375
713.001953125
712.9853515625
713.0244140625
712.979248046875
713.010009765625
712.9931640625
712.98046875
713.033447265625
713.057861328125
712.947265625
713.038330078125
713.0654296875
