42.28125
42.28125
42.296875
42.34375
42.328125
42.28125
42.28125
42.28125
42.3125
42.703125
53.6875
62.296875
62.28125
62.28125
62.21875
62.265625
62.359375
62.3125
62.328125
62.359375
62.359375
62.234375
62.203125
62.3125
62.34375
62.296875
62.328125
62.125
62.3125
62.34375
62.203125
62.21875
62.28125
62.265625
62.34375
62.390625
62.328125
62.328125
62.15625
62.34375
62.453125
62.328125
62.40625
62.34375
62.34375
62.296875
62.296875
62.28125
62.34375
62.328125
62.25
62.359375
62.328125
62.296875
62.25
62.125
62.265625
62.3125
62.265625
62.28125
62.234375
62.21875
62.296875
62.265625
62.359375
62.25
62.203125
62.1875
62.28125
62.34375
62.34375
62.421875
62.3125
62.265625
62.25
62.28125
62.359375
62.265625
62.25
62.140625
62.234375
62.40625
62.21875
62.140625
62.1875
62.171875
62.234375
62.3125
62.25
62.203125
62.15625
62.25
62.296875
62.359375
62.25
62.234375
62.265625
62.375
62.296875
62.28125
62.3125
62.265625
62.34375
62.359375
62.515625
62.296875
62.328125
62.359375
62.28125
62.40625
62.234375
62.28125
62.328125
62.25
62.1875
62.359375
